1079 1080 1081 1082 1083 1084 1085 1630 
159 1312 1313 
804 1921 1922 1923 1924 1925 2208 
1012 1013 1014 1015 1016 1017 1018 1019 1020 1021 1022 1023 1024 1757 1763 1764 
475 476 477 478 479 480 784 785 786 1001 1002 1003 1004 1005 1040 1041 1042 1043 1044 1045 1046 1047 1048 1049 1369 1436 1437 1438 1636 1688 1689 1690 2275 2350 2351 2352 2412 2413 2414 2415 2416 2484 2488 
1810 1811 2165 2166 2167 2168 2169 2170 2204 2205 2206 2343 
884 885 886 887 888 889 890 1597 2495 
1357 1414 
380 381 382 383 384 385 386 676 
245 248 
891 892 893 894 895 896 897 898 899 900 901 902 903 904 1011 1733 
529 530 1727 1728 1729 1730 1731 1732 1788 1789 1790 1791 1792 1793 1794 1823 1824 1825 1826 1960 1962 2196 2197 2269 2270 2271 2272 2273 
0 1 22 24 25 26 27 146 147 148 149 150 151 152 249 250 251 252 253 254 255 347 348 349 350 351 352 375 376 377 378 379 661 662 741 742 743 744 745 746 747 762 763 764 790 791 792 793 794 795 796 797 798 799 800 801 802 918 919 920 932 933 934 935 936 937 969 970 1097 1098 1099 1170 1172 1208 1209 1279 1280 1282 1283 1284 1411 1560 1576 1578 1588 1623 1624 1625 1627 1795 1796 1963 1964 1965 1966 1967 1968 1969 2011 2119 2120 2121 2134 2135 2136 2143 2144 2145 2146 2147 2186 2187 2188 2194 2195 2280 2281 2289 2290 2291 2320 2321 2322 2323 2324 2325 2392 2458 
1137 1139 
329 330 331 332 333 334 335 765 766 
360 361 366 367 369 
179 180 181 182 183 184 185 541 542 543 754 755 756 757 
1387 1388 1389 1390 1391 1392 1393 1394 1898 1945 1946 2030 2085 2086 2087 2088 2089 2090 2091 2092 2093 2094 2095 2096 2097 2098 2152 2207 2482 
1674 1675 1676 1677 
531 532 533 534 535 536 537 538 1252 1253 1254 1255 1256 1257 1258 1490 2154 2155 2238 2278 2279 
962 963 964 965 966 1737 1738 2265 2266 2267 2314 2345 2366 2455 2456 2467 2471 
730 731 732 733 734 971 972 973 974 1069 1070 1071 1072 1073 1074 1075 1315 1316 1891 1892 2116 2138 2139 2140 2141 2142 2282 2283 2424 2425 2448 
915 1546 
464 465 466 467 468 1262 1385 1386 2084 2099 2100 2101 2102 2103 2104 2200 
1337 1581 1817 1818 1819 1820 1821 1986 1987 1988 2294 
551 552 553 554 617 618 619 620 693 
544 545 546 547 548 549 1006 1007 1025 1026 1027 1028 1029 1030 1031 1032 1233 1434 
353 354 355 356 357 588 589 590 591 592 593 594 595 596 
767 768 769 770 771 773 775 1590 
257 258 259 260 261 262 806 807 808 809 810 1338 1339 1340 1341 1342 1343 2348 2422 
92 1195 1873 1874 
624 625 626 627 628 1076 1077 1078 1735 
45 46 47 48 49 2450 2451 2459 2460 
1217 1218 1219 1220 1221 1222 1223 1887 
658 1183 1478 1479 1480 1483 1484 1485 1486 1488 2295 2469 2470 
2015 2016 2017 2018 2019 2020 2021 2022 2153 
1509 1510 1511 1512 1513 1514 1515 1516 1601 1919 
470 471 472 473 474 1295 1296 1297 1298 1299 1300 1301 1302 1303 1304 1305 2411 
318 319 320 321 322 323 324 325 326 327 328 1101 1439 1440 1441 1713 1917 1918 1952 
62 63 64 65 304 305 306 307 308 523 524 525 526 527 1068 1564 1565 1566 1567 1673 1724 1725 1726 2068 2191 2192 2193 2335 2336 
66 67 69 455 458 459 555 556 2339 
280 281 282 283 284 285 286 287 288 
172 173 174 1093 
481 938 1974 1975 1976 1977 
671 672 2106 2107 2108 2109 2110 
410 412 414 416 615 616 2479 2480 2481 
264 265 266 269 270 271 272 273 274 275 2219 2220 2221 2222 
1449 1450 1451 1452 1453 1454 1455 1456 1457 1460 1461 1462 1463 1464 1465 1466 1758 1759 1947 1948 
203 209 1146 1147 1148 1149 1193 1194 1786 1787 2151 
830 834 1152 1153 1346 1347 1351 1562 
1292 1293 1294 1582 1583 1584 1585 1586 1587 1672 1807 1809 2383 2384 2430 2449 2483 
309 310 311 312 313 314 315 316 317 1204 1205 1206 2148 2149 2363 
370 371 372 373 374 1406 1774 1775 1776 2357 2358 2359 
201 202 805 
749 752 753 825 827 842 1249 1571 1572 2074 
108 114 115 117 119 120 121 1696 1698 1699 1700 
490 491 492 493 494 502 503 504 505 506 586 587 1090 1654 1655 1656 1657 1658 1659 1660 1661 1997 1998 1999 2000 2041 2042 2043 2044 2045 2046 2080 2122 2123 2124 
1317 1318 1319 1320 1321 1322 1323 1324 1325 1326 1913 
1458 1459 1799 
82 84 85 739 1377 2380 2453 
187 196 925 926 1447 
670 673 674 675 1846 1847 1848 1849 1850 1851 2083 
748 750 751 822 823 826 828 841 844 846 1244 1246 1247 1248 1568 1570 1701 1903 2031 2073 
2337 
621 622 623 2400 2417 2418 2419 
940 941 
2259 2260 2261 2262 2263 2264 
224 
417 418 419 420 421 422 423 424 665 666 667 668 669 1185 2023 2024 2189 2190 2334 
109 111 112 116 118 
872 873 874 875 876 877 878 879 880 881 1417 1418 1419 1420 1421 1422 1423 1801 1802 1803 
954 960 
482 483 484 485 486 487 488 489 1008 1009 1010 1307 
708 709 710 711 712 713 1164 1165 1166 1167 1168 1169 1533 1633 
16 17 18 19 20 21 847 848 1285 1286 1289 1290 1291 
495 496 497 498 499 500 501 581 582 583 584 585 652 653 654 655 656 657 701 702 703 704 705 706 707 1408 1409 1410 1544 1712 1739 1740 1741 1742 1743 1744 1822 1854 1855 1856 1857 1858 1883 2002 2117 2178 2179 2338 2340 2341 2342 2454 
71 811 812 813 814 815 979 981 1181 1395 1396 1397 1398 1539 1734 1839 
912 916 
772 1502 1503 1504 1505 1506 
736 1895 1896 
853 854 855 1467 1468 1469 1470 1471 1472 1473 1474 1475 1476 1477 1563 1888 1889 1890 2137 
225 226 227 228 229 461 462 463 579 580 1517 1634 1709 1710 1765 1766 1767 1768 1769 1770 1771 1772 1773 2276 2277 2315 2316 
212 213 214 215 216 219 220 223 829 
1606 
939 943 945 946 947 948 949 950 1059 1061 1062 1092 1412 
1691 1692 1693 1694 1695 1777 1778 1779 1780 1781 1782 1783 1784 1785 
23 28 660 663 967 968 1171 1173 1200 1201 1202 1203 1207 1210 1281 1575 1577 1589 1626 1628 1629 1711 2010 2472 2496 
776 777 778 779 780 781 1845 2111 2112 2113 2114 2115 2216 2445 2461 
816 817 818 819 820 821 1667 1668 1669 1670 1671 1852 1853 2402 2403 
646 647 648 649 650 651 1366 1367 1368 1541 1542 1543 2386 2432 
170 400 401 930 1094 1720 2032 2184 
1746 1747 1748 1749 1750 1751 1752 1753 1754 1755 1756 2001 
1138 
2 3 4 5 6 7 677 678 679 
2029 
911 913 914 917 
1186 1187 1188 1189 1190 1191 1192 1805 2390 2391 2447 
426 429 1813 
659 1184 1481 1482 1487 1489 1555 1556 1838 1912 1978 1979 1980 2491 
235 1370 1371 1376 1620 2210 2212 2473 
153 156 522 1310 1311 1314 
1827 1828 1829 1830 1831 1832 1833 1834 1835 1836 2227 2228 
1954 1955 1956 1957 1958 2468 
1372 1373 1374 1528 
2209 2211 
597 598 599 600 601 905 906 907 908 909 910 991 992 993 994 995 996 2076 2077 2078 2387 2388 2389 2434 
29 30 31 32 33 34 35 36 37 664 
724 725 726 727 728 729 983 984 985 986 987 988 989 990 1631 1804 2072 2183 2284 2285 2286 2287 2442 2443 
1548 1549 1550 1551 1552 1553 1554 1598 1599 1600 
87 88 89 90 91 93 1196 1197 1198 1199 1866 1872 1993 1994 1995 1996 2008 2009 2081 2082 2172 2293 
1603 1605 1607 1608 1609 1610 1611 1612 1613 1616 1617 1618 1619 
865 1135 2435 
230 231 858 859 860 861 862 863 1384 1875 1876 1877 1878 1879 1880 1881 1882 1884 1885 1886 2150 2244 2245 2288 2457 
336 337 338 339 340 341 342 343 344 345 346 
774 1591 2050 2051 2052 2053 2239 2301 2302 2303 2304 2305 2306 2408 2409 2410 2423 
629 632 634 635 639 640 642 644 645 1174 1176 2217 2218 
2248 2249 2250 2251 2252 2253 2446 
680 681 682 683 684 685 1231 1635 1637 1638 1639 1640 1641 2318 2356 2474 
955 956 957 958 959 961 1150 1151 
96 97 98 99 256 1518 1521 1524 1525 1526 
850 851 852 1050 1051 2382 
38 39 40 41 42 43 44 1491 1492 1493 1494 1495 2004 2005 2006 2007 2344 2374 2465 
1604 1615 
70 457 557 
833 835 
721 2132 2133 2463 
980 982 1177 1178 1179 1180 1182 1240 1241 1242 1243 
155 158 517 520 521 1812 
975 976 977 978 
210 218 
169 171 398 399 931 1095 1096 1719 1721 1722 1723 2012 2013 2014 2048 2049 
1602 1614 
567 568 569 570 571 572 573 574 575 576 577 578 2075 
234 238 239 1375 1798 
449 451 452 453 454 1250 1251 1431 1432 1574 
1702 1703 1704 1705 1706 1707 1708 2125 2126 2128 2129 2130 2131 2257 2258 2441 
836 837 838 839 840 951 1663 1664 1665 1666 1800 
402 403 404 405 406 407 408 409 469 
68 456 460 
1259 1260 1261 1263 1264 1902 1904 1905 1906 1907 1908 1909 1910 1911 2185 2381 2385 
1236 1237 1238 1239 1557 1558 1559 1632 
1648 1649 1650 1651 1653 1982 1983 1984 2254 2292 2317 2333 2431 2444 
1211 1212 1213 1214 1215 1216 1547 1944 2201 2202 2346 
133 134 135 136 137 138 139 2360 2361 2362 
1806 2079 2420 
233 236 237 240 241 242 243 244 1527 1529 1530 1531 1532 1745 1797 
154 157 515 516 518 519 1662 
1358 1359 1360 1361 1362 1363 1364 1365 1413 2213 2214 2215 
1052 1053 1054 1055 1056 1057 1058 1915 1916 1933 1934 1936 1937 1938 
1141 1142 1143 1144 1145 2466 
8 10 11 12 14 
864 866 867 868 1133 1134 2436 
507 508 509 510 511 512 513 514 
630 631 633 637 643 1899 1901 
1424 1425 1426 1427 1428 1429 1621 1622 2118 
394 395 
602 603 604 605 606 607 608 609 610 611 1399 1400 1401 1402 1403 1404 1405 1841 1842 1843 1844 
122 123 124 125 126 127 735 737 738 1265 1266 1267 1268 1269 1270 1271 1272 1273 1274 1275 1276 1277 1278 1762 1897 
232 289 290 291 997 998 999 1000 1091 1128 1129 1130 1131 1435 1442 1443 1444 1445 1808 1862 1863 1864 1865 1894 1953 2298 2299 2475 2476 2477 2490 2498 2499 
358 359 362 363 364 365 368 
1230 1232 1642 1859 1860 1861 2319 
831 832 1344 1345 1348 1349 1350 1561 
824 845 1245 1569 2247 
110 113 528 1416 1697 
942 944 1060 
72 73 74 75 1534 1535 1536 1537 1538 1573 1840 
686 687 688 689 690 691 692 1124 1125 1126 1127 
2156 2157 2158 2159 2160 2161 2180 2181 2182 2349 2364 2365 2404 2405 2406 2407 2421 2485 2489 2492 2493 2494 2497 
200 204 205 206 207 208 803 2162 
1224 1225 1226 1227 1228 1229 2025 2026 2027 2028 2229 
430 431 432 433 434 435 436 437 438 439 440 441 442 443 444 445 446 447 448 952 953 1132 1234 1235 1643 1760 1761 
1154 1155 1156 1157 1158 1159 1160 1161 1162 1163 1333 1334 1335 1336 1579 1580 1940 1941 1942 1943 2199 2428 2429 2464 
246 247 882 883 1306 1981 2486 2487 
1136 1140 1507 1508 2054 2055 2056 2057 2058 2059 2060 2061 2062 2063 2064 2065 2066 2067 2163 2164 
2308 
425 427 428 1814 1815 1816 
1117 1118 1119 1120 1121 1122 1123 1407 1496 1497 1498 1499 1500 1501 1714 1715 1716 1717 1718 1867 1868 1869 1870 1871 2035 2036 2037 2038 2039 2040 2047 2240 2241 2242 2243 2297 2300 2326 2327 2328 2329 2330 
160 161 163 164 165 167 168 1086 1087 1088 
102 103 104 105 106 107 
276 277 278 279 1378 1379 1380 1381 1382 1383 2307 
1352 1353 1354 1355 1356 1415 1592 1593 1594 1595 1596 2274 2296 2347 
1914 1932 1935 1939 2375 2376 2377 2378 2379 2433 
849 1287 1288 
76 77 78 79 80 81 550 
843 
387 388 389 390 391 392 393 396 397 
411 413 415 2478 
1678 1679 1680 1681 1682 1683 1684 1685 1686 1687 2033 2437 2438 2439 2440 
2230 2231 2232 2233 2234 2235 2236 2237 2372 2373 
263 267 268 1102 1103 2171 
162 166 
292 293 294 295 296 297 298 299 300 301 302 303 539 540 782 783 
714 1104 1105 1107 1109 1110 1111 1112 1114 1115 1116 
2127 2256 
9 13 15 
83 86 740 1106 1108 1113 
140 141 142 143 144 145 1100 1540 1837 2174 2401 2462 
175 176 177 178 718 719 720 722 723 
2173 2203 
128 129 130 131 132 758 759 760 761 856 857 869 870 871 2034 2268 2452 
221 
450 1433 
558 559 560 561 562 563 564 565 566 613 614 1063 1064 1065 1066 1067 1308 1309 1949 1950 1951 2332 
612 
1989 1990 1991 1992 2223 2224 2225 2226 
94 95 100 101 1519 1520 1522 1523 2331 2353 2354 2355 
50 51 52 53 54 55 56 57 58 59 60 61 1430 2003 
715 716 717 1920 
636 638 641 1175 1900 
694 695 696 697 698 699 700 2175 2176 2177 
1089 1644 1645 1646 1647 1736 1893 1926 1927 1928 1929 1930 1931 1959 1961 1970 1971 1972 1973 2105 2198 2309 2310 2311 2312 2313 2367 2368 2369 2370 2371 2426 2427 
186 188 189 190 191 192 193 194 195 197 198 199 787 788 789 921 922 923 924 927 928 929 1446 1448 1545 2069 2070 2071 
1033 1034 1035 1036 1037 1038 1039 1327 1328 1329 1330 1331 1332 2246 
1652 1985 2255 
2393 2394 2395 2396 2397 2398 2399 
211 217 222 
